1 1 0 9799 135.0 135.0 174 177 2.23606797749979
2 2 0 10324 474.36534082734846 149.9124534132686 507 189 7.421645150126248
3 3 0 10914 139.4520796556774 482.2010050275425 179 526 3.8257991081386082
4 4 0 11449 473.62520819588167 476.4480471527984 505 517 8.642850708408556
5 1 0 11982 137.54276233191936 136.62807817275106 158 192 24.86394056108039
6 2 0 12747 502.25554365489626 168.22724314012953 535 202 9.561457569554697
7 3 0 13610 155.34667906364947 508.1058209946535 216 552 21.017238063684204
8 4 0 14075 498.579501926563 493.7391940642043 558 542 21.10442276228486
9 1 0 14695 161.00403077649815 133.0124004256002 205 192 19.403523072703106
10 2 0 15161 503.7048905012824 150.12439870414806 558 167 27.186172422919896
11 3 0 15910 188.04085570787788 530.3753357598086 253 586 29.44637526782688
12 4 0 16455 537.4158729710296 489.6484204341531 588 533 11.1021092838967
13 1 0 17049 155.76316004812836 122.05186898955053 178 158 18.219426368684186
14 2 0 17698 518.4496245747333 150.2961183507941 539 195 20.010357284861414
15 3 0 18310 160.26322610016712 541.4782547993632 202 585 3.9267127266135935
16 4 0 18892 530.2510403251615 490.50916568124296 565 548 18.26205655622283
17 1 0 19450 174.00489942983006 154.692154934139 219 209 15.154717421806144
18 2 0 19915 503.19608835634875 161.53620062597673 553 196 11.2590497328853
19 3 0 20590 192.39146701231942 533.9391340732856 251 574 18.608632529410404
20 4 0 21299 516.7993751873942 497.01943255688866 548 529 11.905473624472645
21 1 0 22329 199.76843313019108 170.25131326291114 244 213 5.045932713811454
22 2 0 22815 523.9903638123734 155.83201428363122 547 190 17.96343099414158
23 3 0 23372 194.78142865802775 539.3826748216651 242 583 8.074206689511902
24 4 0 23986 524.7105765211899 505.1292494968775 574 544 9.357809198464514
25 1 0 24600 197.57347468567218 178.96877832868464 213 205 28.266277188963194
26 2 0 25582 551.8236324350672 167.31510721020368 582 220 16.044010075661618
27 3 0 26132 182.84425273563653 525.5762904138857 209 568 14.054810634298923
28 4 0 26649 507.84638118276774 514.5069852260513 533 559 15.511357644737727
29 1 0 27248 192.16235093370923 177.20082241200683 238 216 5.959875928770946
30 2 0 27845 535.6827720425405 187.1535169195952 562 226 13.731309189291448
31 3 0 28319 158.3174681224194 533.8999073527435 180 579 19.014220557952157
32 4 0 28799 542.2812247993392 517.3326898987002 602 543 24.377368503316763
33 1 0 29268 195.63735636034016 159.64526925330426 218 200 17.64092325487198
34 2 0 29686 535.305011577637 181.72752452935129 571 187 34.9933434330057
35 3 0 30205 162.37311355658528 514.6979457213477 179 545 25.305188964780246
36 4 0 30840 529.8385634204882 501.9148947180738 574 545 5.180292366832964
37 1 0 31397 171.89757251608202 159.15494961409465 242 212 32.72845031224344
38 2 0 31979 529.9618434071444 189.15025696415296 572 246 16.972563821387634
39 3 0 32595 188.4027812608361 521.20440407117 224 571 10.739561556771351
40 4 0 33169 533.1087136817545 512.9857977955717 562 555 11.289841902503454
